image_width: 1280
image_height: 720
camera_name: plumb_bob
camera_matrix:
  rows: 3
  cols: 3
  data: [913.4569702148438, 0.0, 645.1717529296875, 0.0, 913.1863403320312, 363.52569580078125, 0.0, 0.0, 1.0]
distortion_model: plumb_bob
distortion_coefficients:
  rows: 1
  cols: 5
  data: [0.0, 0.0, 0.0, 0.0, 0.0]
rectification_matrix:
  rows: 3
  cols: 3
  data: [1.000000, 0.000000, 0.000000, 0.000000, 1.000000, 0.000000, 0.000000, 0.000000, 1.000000]
projection_matrix:
  rows: 3
  cols: 4
  data: [913.4569702148438, 0.0, 645.1717529296875, 0.0, 0.0, 913.1863403320312, 363.52569580078125, 0.0, 0.0, 0.0, 1.0, 0.0]
